1:1 brown       60  2   10  30  90      160     250     50
1:2 brown       60  4   20  60  180     320     450     50
2:1 light_blue  100 6   30  90  270     400     550     50
2:2 light_blue  100 6   30  90  270     400     550     50
2:3 light_blue  120 8   40  100 270     400     550     50
3:1 pink        140 10  50  150 450     625     750     100
3:2 pink        140 10  50  150 450     625     750     100
3:3 pink        160 12  60  180 500     700     900     100
4:1 orange      180 14  70  200 550     750     950     100
4:2 orange      180 14  70  200 550     750     950     100
4:3 orange      200 16  80  220 600     800     1000    100
5:1 red         220 18  90  250 700     875     1050    150
5:2 red         220 18  90  250 700     875     1050    150
5:3 red         240 20  100 300 750     925     1100    150
6:1 yellow      260 22  110 330 800     975     1150    150
6:2 yellow      260 22  110 330 800     975     1150    150
6:3 yellow      280 24  120 360 850     1025    1200    150
7:1 green       300 26  130 390 900     1100    1275    200
7:2 green       300 26  130 390 900     1100    1275    200
7:3 green       320 28  150 450 1000    1200    1400    200
8:1 blue        350 35  175 500 1100    1300    1500    200
8:2 blue        400 50  200 600 1400    1700    2000    200
